((("rename-file-and-buffer" .
   [0 0 0 0 0 0 0 0 0 0 0 0 0 0 0 1 0 0 0 0 0 0])
  ("hikaku" .
   [1 0 0 0 0 0])
  ("cout" .
   [7 0 0 0])
  ("top" .
   [1 0 0])
  ("push" .
   [1 0 0 0])
  ("map" .
   [1 0 0])
  ("SIZE" .
   [1 0 0 0])
  ("hash_key" .
   [3 0 0 0 0 0 0 0])
  ("vec" .
   [3 0 0])
  ("tmpset2" .
   [11 0 0 0 0 0 0])
  ("que" .
   [7 0 0])
  ("tmpset" .
   [10 0 0 0 0 0])
  ("tmps" .
   [1 0 0 0])
  ("GLP_UP" .
   [1 0 0 0 0 0])
  ("strcmp" .
   [2 0 0 0 0 0])
  ("front" .
   [5 0 0 0 0])
  ("vector" .
   [6 0 0 0 0 0])
  ("include" .
   [6 0 0 0 0 0 0])
  ("s" .
   [3])
  ("Subset" .
   [1 0 0 0 0 0])
  ("set" .
   [8 0 0])
  ("main" .
   [1 0 0 0])
  ("scanf" .
   [1 0 0 0 0])
  ("setin" .
   [0 0 0 0 1])
  ("setlist" .
   [1 0 0 0 0 0 0])
  ("malloc" .
   [1 0 0 0 0 0])
  ("trace" .
   [2 0 0 0 0])
  ("ele" .
   [6 0 0])
  ("tester" .
   [4 0 0 0 0 0])
  ("checkele" .
   [1 0 0 0 0 0 0 0])
  ("unsigned" .
   [0 0 0 1 2 1 0 0])
  ("long" .
   [0 0 0 1])
  ("one" .
   [1 0 0])
  ("previous-" .
   [0 0 0 0 0 0 0 0 1])
  ("inner" .
   [9 0 0 0 0])
  ("define" .
   [2 0 0 0 0 0])
  ("BIT" .
   [3 0 0])
  ("size" .
   [20 0 0 0])
  ("myset" .
   [16 0 0 0 0])
  ("tmp" .
   [27 0 0])
  ("costset" .
   [5 0 0 0 0 0 0])
  ("mys" .
   [1 0 0])
  ("m" .
   [1])
  ("list" .
   [17 0 0 0])
  ("pres" .
   [9 0 0 0])
  ("typedef" .
   [0 0 0 0 1 0 0])
  ("block" .
   [1 0 0 0 0])
  ("iterator" .
   [1 0 0 1 0 0 0 0])
  ("ll" .
   [7 0])
  ("namespace" .
   [0 0 0 0 0 1 0 0 0])
  ("std" .
   [1 0 0])
  ("itt" .
   [1 0 0])
  ("stack" .
   [5 0 0 0 0])
  ("begin" .
   [3 0 0 0 0])
  ("end" .
   [11 0 0])
  ("terminate" .
   [2 0 0 0 0 0 0 0 0])
  ("flag" .
   [8 0 0 0])
  ("pb" .
   [4 0])
  ("push_back" .
   [0 0 0 0 0 1 0 0 0])
  ("printf" .
   [12 0 0 0 0 1])
  ("tmpstring" .
   [2 0 0 0 0 0 0 0 0])
  ("tmpinp" .
   [4 0 0 0 0 1])
  ("relcost" .
   [3 0 1 0 0 0 1])
  ("cost" .
   [4 0 0 0])
  ("llsize" .
   [4 0 0 0 0 0])
  ("searchset" .
   [6 0 0 2 1 0 0 0 0])
  ("best" .
   [7 0 0 0])
  ("true" .
   [1 0 0 0])
  ("llin" .
   [1 0 0 0])
  ("answer" .
   [6 0 0 0 0 0])
  ("INF" .
   [1 0 0])
  ("anschech" .
   [2 0 0 3 0 1 0 0])
  ("lltest" .
   [1 0 0 0 0 0])
  ("answercost" .
   [1 0 0 0 0 0 0 1 0 0])
  ("llprint" .
   [2 0 1 0 0 0 0])
  ("fprintf" .
   [1 0 0 0 0 0 0])
  ("tmpi" .
   [1 0 0 1])
  ("string" .
   [1 0 0 0 0 0])
  ("time" .
   [4 0 0 0])
  ("time2" .
   [9 0 0 0 0])
  ("time3" .
   [6 0 0 0 0])
  ("time4" .
   [6 0 0 0 0])
  ("time1" .
   [9 0 0 0 0])
  ("max" .
   [4 0 0])
  ("switch" .
   [0 0 1 0 0 3])
  ("vi" .
   [1 0])
  ("cin" .
   [5 0 0])
  ("tmp2" .
   [6 0 0 0])
  ("switchs" .
   [1 0 0 0 0 0 0])
  ("filter" .
   [2 0 0 0 0 0])
  ("t" .
   [1])
  ("endl" .
   [4 0 0 0])
  ("primetable" .
   [7 0 0 0 0 0 1 0 1 0])
  ("prime_max" .
   [6 0 0 0 0 0 0 0 0])
  ("EACH" .
   [2 0 0 0])
  ("make_prime" .
   [1 0 0 0 0 0 0 0 0 0])
  ("start" .
   [2 0 0 0 0])))
